# X , Y , E , DX
1
0.00106102,0,0,0
0.00175831,0,0,0
0.00245561,0,0,0
0.0031529,0,0,0
0.0038502,0,0,0
0.00454749,0,0,0
0.00524479,0,0,0.000376411
0.00594208,25.1595,0.51736,0.000765033
0.00663938,29.3443,0.118931,0.000777728
0.00733667,22.1849,0.106173,0.0007789
0.00803397,18.1109,0.0684752,0.000780157
0.00873126,13.2802,0.0448894,0.000783565
0.00942856,9.25946,0.0381056,0.000784724
0.0101259,4.45721,0.0259873,0.00078353
0.0108231,3.10004,0.0199738,0.000784055
0.0115204,2.08215,0.0176457,0.000783179
0.0122177,1.40023,0.0132659,0.0007835
0.012915,1.13025,0.011336,0.000784369
0.0136123,0.861154,0.0102371,0.00078369
0.0143096,0.725038,0.00850439,0.000784763
0.0150069,0.651713,0.00830424,0.000784932
0.0157042,0.593336,0.00783234,0.000784369
0.0164015,0.551202,0.0069612,0.000785928
0.0170988,0.511948,0.0069195,0.000785731
0.0177961,0.445095,0.0062167,0.000786125
0.0184934,0.40626,0.00576213,0.000787966
0.0191907,0.344763,0.00533556,0.000787351
0.019888,0.297595,0.0048176,0.000787873
0.0205853,0.266864,0.00451967,0.00078869
0.0212826,0.246892,0.00428274,0.000788014
0.0219799,0.244129,0.0041366,0.000789174
0.0226772,0.235185,0.00410606,0.000789912
0.0233745,0.219907,0.00394306,0.000790358
0.0240718,0.220938,0.00392613,0.000791584
0.024769,0.213161,0.00384648,0.000791291
0.0254663,0.206953,0.00370801,0.000792104
0.0261636,0.208518,0.00365913,0.000793654
0.0268609,0.197933,0.00347609,0.000794182
0.0275582,0.187679,0.00339801,0.000794984
0.0282555,0.18736,0.00328166,0.000795598
0.0289528,0.179133,0.00318052,0.000796115
0.0296501,0.170419,0.0031098,0.000797424
0.0303474,0.164372,0.00301504,0.000799115
0.0310447,0.155721,0.00292769,0.000799666
0.031742,0.156316,0.0029158,0.000799856
0.0324393,0.155955,0.00286727,0.000800927
0.0331366,0.147009,0.00274929,0.00080168
0.0338339,0.15012,0.00274975,0.000802477
0.0345312,0.144584,0.00264035,0.000803787
0.0352285,0.144756,0.00265423,0.000804786
0.0359258,0.144354,0.00261971,0.000806431
0.0366231,0.142691,0.00258818,0.000807423
0.0373204,0.141198,0.00257511,0.000807857
0.0380177,0.140586,0.00252509,0.00080915
0.0387149,0.138415,0.00246961,0.000810687
0.0394122,0.139158,0.0024855,0.000812095
0.0401095,0.141602,0.00245473,0.000813586
0.0408068,0.138541,0.0024488,0.00081462
0.0415041,0.135559,0.00237946,0.000815339
0.0422014,0.140433,0.00245248,0.000816499
0.0428987,0.134503,0.00234964,0.000817456
0.043596,0.134855,0.00235646,0.00081885
0.0442933,0.134703,0.00231894,0.000820585
0.0449906,0.133487,0.00226876,0.000821845
0.0456879,0.134805,0.00227183,0.000823584
0.0463852,0.134576,0.00223854,0.000824922
0.0470825,0.133758,0.0022084,0.000825951
0.0477798,0.133542,0.00217256,0.000827386
0.0484771,0.13569,0.00218109,0.000828828
0.0491744,0.129313,0.00212583,0.000830769
0.0498717,0.134184,0.0021279,0.000832246
0.050569,0.135127,0.00212308,0.000833615
0.0512663,0.131991,0.00207416,0.000835104
0.0519636,0.134566,0.00209241,0.000836488
0.0526608,0.132275,0.00205769,0.000838169
0.0533581,0.135633,0.00207088,0.000839766
0.0540554,0.131657,0.00202419,0.000841217
0.0547527,0.132399,0.00201048,0.000842869
0.05545,0.133113,0.00202522,0.000844559
0.0561473,0.131894,0.00197214,0.000846415
0.0568446,0.132321,0.0019779,0.000848126
0.0575419,0.138348,0.00199604,0.000849783
0.0582392,0.132069,0.00193938,0.000851426
0.0589365,0.131273,0.00193611,0.000852922
0.0596338,0.133813,0.0019444,0.000854954
0.0603311,0.131651,0.00191013,0.000856643
0.0610284,0.136508,0.00193679,0.000858156
0.0617257,0.135187,0.00190705,0.000860191
0.062423,0.134342,0.00189334,0.000861769
0.0631203,0.130317,0.00186258,0.000863269
0.0638176,0.133018,0.00185868,0.000865586
0.0645149,0.133239,0.00185234,0.000867413
0.0652122,0.133748,0.00184604,0.000868858
0.0659095,0.134397,0.00183806,0.000871
0.0666067,0.133881,0.00181517,0.000872993
0.067304,0.133987,0.00181112,0.000874698
0.0680013,0.132717,0.00177975,0.000876735
0.0686986,0.137442,0.00179837,0.000878953
0.0693959,0.134192,0.00178301,0.000880995
0.0700932,0.134612,0.00178061,0.000882736
0.0707905,0.133258,0.00175729,0.000884538
0.0714878,0.133097,0.00173673,0.000886744
0.0721851,0.13659,0.00174958,0.00088877
0.0728824,0.139525,0.00177175,0.000890876
0.0735797,0.135186,0.00172985,0.000893025
0.074277,0.13364,0.00171412,0.000894952
0.0749743,0.13842,0.00173992,0.000897106
0.0756716,0.136148,0.00170775,0.00089952
0.0763689,0.134428,0.00169163,0.000901577
0.0770662,0.135776,0.00169313,0.000903467
0.0777635,0.137052,0.00168978,0.00090563
0.0784608,0.136468,0.00169381,0.000907316
0.0791581,0.137886,0.00168734,0.000909638
0.0798554,0.135698,0.00166445,0.00091229
0.0805526,0.134743,0.00165257,0.000914216
0.0812499,0.140329,0.00169512,0.00091636
0.0819472,0.133554,0.00163871,0.000918956
0.0826445,0.136367,0.00166673,0.000921487
0.0833418,0.138442,0.00165714,0.000923984
0.0840391,0.135795,0.00167126,0.000926449
0.0847364,0.135167,0.00165533,0.000928801
0.0854337,0.134897,0.00167798,0.000931515
0.086131,0.139161,0.00169587,0.000934083
0.0868283,0.134879,0.00171836,0.000936478
0.0875256,0.136367,0.00170997,0.000939132
0.0882229,0.138471,0.00173266,0.000941377
0.0889202,0.136105,0.00174998,0.000943699
0.0896175,0.13316,0.00175395,0.000946065
0.0903148,0.13948,0.00181111,0.000948604
0.0910121,0.137131,0.00180776,0.000951268
0.0917094,0.137868,0.00185706,0.000953734
0.0924067,0.136696,0.00187956,0.000956623
0.093104,0.135781,0.00189574,0.000959318
0.0938013,0.138551,0.00196896,0.000961349
0.0944985,0.136707,0.00199587,0.00096426
0.0951958,0.133436,0.00198581,0.000967326
0.0958931,0.133374,0.00204972,0.000969734
0.0965904,0.136556,0.00210964,0.000972285
0.0972877,0.136337,0.00214698,0.000974622
0.097985,0.134139,0.00217443,0.000976869
0.0986823,0.136869,0.00225555,0.000979334
0.0993796,0.135965,0.00227867,0.000981968
0.100077,0.135927,0.00231172,0.000984241
0.100774,0.133938,0.00234016,0.000986762
0.101471,0.139069,0.00245982,0.000989342
0.102169,0.138061,0.00249331,0.000992372
0.102866,0.13561,0.00252341,0.000994925
0.103563,0.135746,0.00255098,0.000997323
0.104261,0.136874,0.00264689,0.00100059
0.104958,0.135328,0.00268215,0.00100298
0.105655,0.13552,0.00272213,0.00100545
0.106353,0.132976,0.00276002,0.00100859
0.10705,0.13388,0.00284532,0.00101134
0.107747,0.136344,0.00293004,0.00101397
0.108444,0.134071,0.00292905,0.00101659
0.109142,0.12988,0.00302761,0.00101943
0.109839,0.136073,0.00314919,0.00102249
0.110536,0.134507,0.00323576,0.00102532
0.111234,0.132604,0.00330433,0.00102804
0.111931,0.138249,0.00349827,0.00103119
0.112628,0.133153,0.00349905,0.00103431
0.113326,0.144832,0.00384362,0.00103713
0.114023,0.136054,0.00373747,0.00104011
0.11472,0.132766,0.00397629,0.00104327
0.115417,0.134815,0.00409496,0.0010469
0.116115,0.131007,0.00420158,0.00104937
0.116812,0.140595,0.00466533,0.00105307
0.117509,0.127324,0.00451565,0.00105681
0.118207,0.142355,0.00528018,0.00105942
0.118904,0.136152,0.00524449,0.00106352
0.119601,0.127444,0.00548934,0.00106671
0.120298,0.136647,0.00621713,0.00107081
0.120996,0.117512,0.00599114,0.00107514
0.121693,0.12972,0.00695194,0.00107814
0.12239,0.137087,0.00835353,0.00108144
0.123088,0.141004,0.00978877,0.00108521
0.123785,0.136679,0.0101849,0.00109003
0.124482,0.123145,0.010829,0.00109325
0.12518,0.13129,0.0137744,0.00109811
0.125877,0.114628,0.0108705,0.00110279
0.126574,0.138793,0.0190303,0.00110694
0.127271,0.140122,0.017507,0.00111263
0.127969,0.116145,0.0158629,0.00111499
0.128666,0.140078,0.0187613,0.00111965
0.129363,0.0856238,0.0126944,0.00112557
0.130061,0.121981,0.0187088,0.00112888
0.130758,0.111973,0.0286289,0.00113417
0.131455,0.118704,0.0260954,0.00113903
0.132152,0.0794013,0.0218218,0.00114522
0.13285,0.0501229,0.0172971,0.00114915
0.133547,0.0724281,0.0291814,0.00115239
0.134244,0.160153,0.0515495,0.0011573
0.134942,0.119485,0.0703564,0.000578949
0.135639,0,0,0
0.136336,0,0,0
0.137034,0,0,0
0.137731,0,0,0
0.138428,0,0,0
0.139125,0,0,0
0.139823,0,0,0
